0 -1 0 0
0.1 -0.9971908484 -0.08991588607 0
0.2 -0.9887997994 -0.1793290778 0
0.3 -0.9749343116 -0.2677506494 0
0.4 -0.9557678201 -0.3547181837 0
0.5 -0.9315318656 -0.4398066023 0
0.6 -0.9025062062 -0.522636466 0
0.7 -0.8690078015 -0.6028794416 0
0.8 -0.8313795472 -0.6802609444 0
0.9 -0.7899795115 -0.754560225 0
1 -0.7451712406 -0.8256083409 0
1.1 -0.6973154896 -0.8932845376 0
1.2 -0.6467635397 -0.9575115718 0
1.3 -0.5938521026 -1.018250456 0
1.4 -0.538899698 -1.075495021 0
1.5 -0.4822043225 -1.129266601 0
1.6 -0.4240421944 -1.179609045 0
1.7 -0.3646673547 -1.226584189 0
1.8 -0.3043119217 -1.270267851 0
1.9 -0.2431868188 -1.310746364 0
2 -0.1814828261 -1.34811363 0
2.1 -0.1193718353 -1.38246867 0
2.2 -0.057008214 -1.413913594 0
2.3 0.005469790909 -1.442551972 0
2.4 0.06793866026 -1.468487531 0
2.5 0.1302882565 -1.491823124 0
2.6 0.1924205463 -1.51265995 0
2.7 0.2542484061 -1.531096956 0
2.8 0.3156945174 -1.547230404 0
2.9 0.3766903532 -1.561153564 0
3 0.4371752552 -1.572956516 0
3.1 0.4970955979 -1.582726027 0
3.2 0.5564040339 -1.590545497 0
3.3 0.6150588158 -1.596494958 0
3.4 0.6730231874 -1.600651105 0
3.5 0.7302648398 -1.603087361 0
3.6 0.7867554241 -1.603873963 0
3.7 0.8424701175 -1.60307806 0
3.8 0.8973872357 -1.600763827 0
3.9 0.9514878874 -1.596992581 0
4 1.004755666 -1.591822903 0
4.1 1.057176378 -1.585310759 0
4.2 1.108737794 -1.577509626 0
4.3 1.159429435 -1.568470607 0
4.4 1.209242377 -1.558242556 0
4.5 1.258169078 -1.546872185 0
4.6 1.306203222 -1.534404177 0
4.7 1.353339586 -1.520881296 0
4.8 1.39957391 -1.506344481 0
4.9 1.444902795 -1.490832949 0
5 1.4893236 -1.474384284 0
5.1 1.532834353 -1.457034527 0
5.2 1.575433678 -1.438818256 0
5.3 1.617120721 -1.419768669 0
5.4 1.657895086 -1.399917654 0
5.5 1.697756783 -1.379295865 0
5.6 1.736706174 -1.357932785 0
5.7 1.774743928 -1.335856791 0
5.8 1.811870981 -1.313095212 0
5.9 1.848088501 -1.289674388 0
6 1.883397853 -1.265619723 0
6.1 1.91780057 -1.240955733 0
6.2 1.951298327 -1.215706095 0
6.3 1.983892917 -1.189893696 0
6.4 2.015586231 -1.163540669 0
6.5 2.046380235 -1.136668437 0
6.6 2.076276958 -1.109297752 0
6.7 2.105278471 -1.08144873 0
6.8 2.133386876 -1.053140884 0
6.9 2.160604295 -1.02439316 0
7 2.186932853 -0.9952239644 0
7.1 2.212374673 -0.9656511946 0
7.2 2.236931865 -0.935692268 0
7.3 2.260606518 -0.9053641467 0
7.4 2.283400691 -0.8746833642 0
7.5 2.305316408 -0.8436660482 0
7.6 2.32635565 -0.8123279445 0
7.7 2.346520353 -0.7806844383 0
7.8 2.3658124 -0.7487505754 0
7.9 2.384233617 -0.7165410821 0
8 2.401785769 -0.6840703843 0
8.1 2.418470559 -0.6513526261 0
8.2 2.43428962 -0.6184016872 0
8.3 2.449244516 -0.5852312001 0
8.4 2.463336738 -0.5518545664 0
8.5 2.476567704 -0.5182849723 0
8.6 2.48893875 -0.4845354043 0
8.7 2.500451138 -0.4506186636 0
8.8 2.511106047 -0.4165473804 0
8.9 2.520904572 -0.3823340279 0
9 2.529847728 -0.3479909356 0
9.1 2.537936443 -0.3135303026 0
9.2 2.54517156 -0.2789642105 0
9.3 2.551553836 -0.2443046356 0
9.4 2.55708394 -0.2095634613 0
9.5 2.561762452 -0.1747524906 0
9.6 2.565589867 -0.1398834574 0
9.7 2.568566587 -0.1049680384 0
9.8 2.570692927 -0.07001786495 0
9.9 2.571969111 -0.03504453415 0
10 2.572395275 -5.962049925e-05 0
10.1 2.571971464 0.03492531285 0
10.2 2.570697632 0.06989870276 0
10.3 2.568573644 0.1048489748 0
10.4 2.565599277 0.1397645318 0
10.5 2.561774214 0.1746337427 0
10.6 2.557098053 0.2094449308 0
10.7 2.551570301 0.2441863622 0
10.8 2.545190376 0.2788462344 0
10.9 2.537957609 0.3134126639 0
11 2.529871244 0.3478736746 0
11.1 2.520930438 0.3822171852 0
11.2 2.511134261 0.416430997 0
11.3 2.500481701 0.4505027806 0
11.4 2.48897166 0.4844200632 0
11.5 2.47660296 0.5181702149 0
11.6 2.46337434 0.5517404349 0
11.7 2.449284461 0.5851177371 0
11.8 2.434331908 0.6182889357 0
11.9 2.418515189 0.6512406297 0
12 2.401832739 0.6839591869 0
12.1 2.384282925 0.7164307283 0
12.2 2.365864045 0.7486411103 0
12.3 2.346574333 0.7805759075 0
12.4 2.326411962 0.8122203944 0
12.5 2.30537505 0.8435595258 0
12.6 2.283461661 0.8745779172 0
12.7 2.260669813 0.9052598237 0
12.8 2.236997482 0.9355891182 0
12.9 2.212442609 0.9655492683 0
13 2.187003104 0.9951233125 0
13.1 2.160676857 1.024293835 0
13.2 2.133461746 1.053042939 0
13.3 2.105355643 1.081352218 0
13.4 2.076356428 1.109202729 0
13.5 2.046461997 1.136574959 0
13.6 2.015670279 1.163448794 0
13.7 1.983979246 1.189803483 0
13.8 1.951386928 1.215617605 0
13.9 1.917891437 1.240869026 0
14 1.883490978 1.265534864 0
14.1 1.848183874 1.289591442 0
14.2 1.811968593 1.313014244 0
14.3 1.774843768 1.335777871 0
14.4 1.736808231 1.357855984 0
14.5 1.697861045 1.379221254 0
14.6 1.658001538 1.399845308 0
14.7 1.617229349 1.419698664 0
14.8 1.575544465 1.438750673 0
14.9 1.532947282 1.456969446 0
15 1.489438651 1.47432179 0
15.1 1.445019948 1.490773128 0
15.2 1.399693141 1.506287424 0
15.3 1.35346087 1.520827095 0
15.4 1.306326532 1.534352929 0
15.5 1.258294384 1.546823989 0
15.6 1.209369646 1.558197515 0
15.7 1.15955863 1.568428828 0
15.8 1.108868876 1.577471219 0
15.9 1.057309304 1.58527584 0
16 1.004890388 1.59179159 0
16.1 0.9516243531 1.596964998 0
16.2 0.8975253877 1.600740102 0
16.3 0.8426098926 1.603058327 0
16.4 0.7868967527 1.603858359 0
16.5 0.7304076453 1.603076031 0
16.6 0.6731673855 1.600644198 0
16.7 0.6152043133 1.596492628 0
16.8 0.5565507281 1.590547904 0
16.9 0.4972433752 1.582733337 0
17 0.4373239902 1.572968901 0
17.1 0.3768399073 1.561171201 0
17.2 0.3158447374 1.547253476 0
17.3 0.2543991224 1.531125651 0
17.4 0.1925715711 1.512694461 0
17.5 0.1304393822 1.491863647 0
17.6 0.06808965689 1.468534266 0
17.7 0.005620404149 1.442605123 0
17.8 -0.05685826538 1.413973361 0
17.9 -0.1192228621 1.382535254 0
18 -0.181335171 1.348187228 0
18.1 -0.2430408597 1.310827164 0
18.2 -0.3041680739 1.270356032 0
18.3 -0.3645260736 1.226679911 0
18.4 -0.4239039774 1.179712449 0
18.5 -0.4820697108 1.129377799 0
18.6 -0.5387692773 1.075614088 0
18.7 -0.5937265027 1.018377423 0
18.8 -0.6466434324 0.9576464147 0
18.9 -0.6972015847 0.8934271675 0
19 -0.7450642798 0.8257585927 0
19.1 -0.7898802587 0.7547178468 0
19.2 -0.8312887767 0.6804255872 0
19.3 -0.8689262818 0.6030506512 0
19.4 -0.902434682 0.5228136773 0
19.5 -0.9314710363 0.4399891375 0
19.6 -0.9557183167 0.3549052556 0
19.7 -0.9748966743 0.2679413698 0
19.8 -0.9887744556 0.1795224719 0
19.9 -0.9971780944 0.09011091244 0
20 -0.9999999874 0.0001955753878 0
