0 0 -1 0
0.1 0.08991588607 -0.9971908484 0
0.2 0.1793290778 -0.9887997994 0
0.3 0.2677506494 -0.9749343116 0
0.4 0.3547181837 -0.9557678201 0
0.5 0.4398066023 -0.9315318656 0
0.6 0.522636466 -0.9025062062 0
0.7 0.6028794416 -0.8690078015 0
0.8 0.6802609444 -0.8313795472 0
0.9 0.754560225 -0.7899795115 0
1 0.8256083409 -0.7451712406 0
1.1 0.8932845376 -0.6973154896 0
1.2 0.9575115718 -0.6467635397 0
1.3 1.018250456 -0.5938521026 0
1.4 1.075495021 -0.538899698 0
1.5 1.129266601 -0.4822043225 0
1.6 1.179609045 -0.4240421944 0
1.7 1.226584189 -0.3646673547 0
1.8 1.270267851 -0.3043119217 0
1.9 1.310746364 -0.2431868188 0
2 1.34811363 -0.1814828261 0
2.1 1.38246867 -0.1193718353 0
2.2 1.413913594 -0.057008214 0
2.3 1.442551972 0.005469790909 0
2.4 1.468487531 0.06793866026 0
2.5 1.491823124 0.1302882565 0
2.6 1.51265995 0.1924205463 0
2.7 1.531096956 0.2542484061 0
2.8 1.547230404 0.3156945174 0
2.9 1.561153564 0.3766903532 0
3 1.572956516 0.4371752552 0
3.1 1.582726027 0.4970955979 0
3.2 1.590545497 0.5564040339 0
3.3 1.596494958 0.6150588158 0
3.4 1.600651105 0.6730231874 0
3.5 1.603087361 0.7302648398 0
3.6 1.603873963 0.7867554241 0
3.7 1.60307806 0.8424701175 0
3.8 1.600763827 0.8973872357 0
3.9 1.596992581 0.9514878874 0
4 1.591822903 1.004755666 0
4.1 1.585310759 1.057176378 0
4.2 1.577509626 1.108737794 0
4.3 1.568470607 1.159429435 0
4.4 1.558242556 1.209242377 0
4.5 1.546872185 1.258169078 0
4.6 1.534404177 1.306203222 0
4.7 1.520881296 1.353339586 0
4.8 1.506344481 1.39957391 0
4.9 1.490832949 1.444902795 0
5 1.474384284 1.4893236 0
5.1 1.457034527 1.532834353 0
5.2 1.438818256 1.575433678 0
5.3 1.419768669 1.617120721 0
5.4 1.399917654 1.657895086 0
5.5 1.379295865 1.697756783 0
5.6 1.357932785 1.736706174 0
5.7 1.335856791 1.774743928 0
5.8 1.313095212 1.811870981 0
5.9 1.289674388 1.848088501 0
6 1.265619723 1.883397853 0
6.1 1.240955733 1.91780057 0
6.2 1.215706095 1.951298327 0
6.3 1.189893696 1.983892917 0
6.4 1.163540669 2.015586231 0
6.5 1.136668437 2.046380235 0
6.6 1.109297752 2.076276958 0
6.7 1.08144873 2.105278471 0
6.8 1.053140884 2.133386876 0
6.9 1.02439316 2.160604295 0
7 0.9952239644 2.186932853 0
7.1 0.9656511946 2.212374673 0
7.2 0.935692268 2.236931865 0
7.3 0.9053641467 2.260606518 0
7.4 0.8746833642 2.283400691 0
7.5 0.8436660482 2.305316408 0
7.6 0.8123279445 2.32635565 0
7.7 0.7806844383 2.346520353 0
7.8 0.7487505754 2.3658124 0
7.9 0.7165410821 2.384233617 0
8 0.6840703843 2.401785769 0
8.1 0.6513526261 2.418470559 0
8.2 0.6184016872 2.43428962 0
8.3 0.5852312001 2.449244516 0
8.4 0.5518545664 2.463336738 0
8.5 0.5182849723 2.476567704 0
8.6 0.4845354043 2.48893875 0
8.7 0.4506186636 2.500451138 0
8.8 0.4165473804 2.511106047 0
8.9 0.3823340279 2.520904572 0
9 0.3479909356 2.529847728 0
9.1 0.3135303026 2.537936443 0
9.2 0.2789642105 2.54517156 0
9.3 0.2443046356 2.551553836 0
9.4 0.2095634613 2.55708394 0
9.5 0.1747524906 2.561762452 0
9.6 0.1398834574 2.565589867 0
9.7 0.1049680384 2.568566587 0
9.8 0.07001786495 2.570692927 0
9.9 0.03504453415 2.571969111 0
10 5.962049925e-05 2.572395275 0
10.1 -0.03492531285 2.571971464 0
10.2 -0.06989870276 2.570697632 0
10.3 -0.1048489748 2.568573644 0
10.4 -0.1397645318 2.565599277 0
10.5 -0.1746337427 2.561774214 0
10.6 -0.2094449308 2.557098053 0
10.7 -0.2441863622 2.551570301 0
10.8 -0.2788462344 2.545190376 0
10.9 -0.3134126639 2.537957609 0
11 -0.3478736746 2.529871244 0
11.1 -0.3822171852 2.520930438 0
11.2 -0.416430997 2.511134261 0
11.3 -0.4505027806 2.500481701 0
11.4 -0.4844200632 2.48897166 0
11.5 -0.5181702149 2.47660296 0
11.6 -0.5517404349 2.46337434 0
11.7 -0.5851177371 2.449284461 0
11.8 -0.6182889357 2.434331908 0
11.9 -0.6512406297 2.418515189 0
12 -0.6839591869 2.401832739 0
12.1 -0.7164307283 2.384282925 0
12.2 -0.7486411103 2.365864045 0
12.3 -0.7805759075 2.346574333 0
12.4 -0.8122203944 2.326411962 0
12.5 -0.8435595258 2.30537505 0
12.6 -0.8745779172 2.283461661 0
12.7 -0.9052598237 2.260669813 0
12.8 -0.9355891182 2.236997482 0
12.9 -0.9655492683 2.212442609 0
13 -0.9951233125 2.187003104 0
13.1 -1.024293835 2.160676857 0
13.2 -1.053042939 2.133461746 0
13.3 -1.081352218 2.105355643 0
13.4 -1.109202729 2.076356428 0
13.5 -1.136574959 2.046461997 0
13.6 -1.163448794 2.015670279 0
13.7 -1.189803483 1.983979246 0
13.8 -1.215617605 1.951386928 0
13.9 -1.240869026 1.917891437 0
14 -1.265534864 1.883490978 0
14.1 -1.289591442 1.848183874 0
14.2 -1.313014244 1.811968593 0
14.3 -1.335777871 1.774843768 0
14.4 -1.357855984 1.736808231 0
14.5 -1.379221254 1.697861045 0
14.6 -1.399845308 1.658001538 0
14.7 -1.419698664 1.617229349 0
14.8 -1.438750673 1.575544465 0
14.9 -1.456969446 1.532947282 0
15 -1.47432179 1.489438651 0
15.1 -1.490773128 1.445019948 0
15.2 -1.506287424 1.399693141 0
15.3 -1.520827095 1.35346087 0
15.4 -1.534352929 1.306326532 0
15.5 -1.546823989 1.258294384 0
15.6 -1.558197515 1.209369646 0
15.7 -1.568428828 1.15955863 0
15.8 -1.577471219 1.108868876 0
15.9 -1.58527584 1.057309304 0
16 -1.59179159 1.004890388 0
16.1 -1.596964998 0.9516243531 0
16.2 -1.600740102 0.8975253877 0
16.3 -1.603058327 0.8426098926 0
16.4 -1.603858359 0.7868967527 0
16.5 -1.603076031 0.7304076453 0
16.6 -1.600644198 0.6731673855 0
16.7 -1.596492628 0.6152043133 0
16.8 -1.590547904 0.5565507281 0
16.9 -1.582733337 0.4972433752 0
17 -1.572968901 0.4373239902 0
17.1 -1.561171201 0.3768399073 0
17.2 -1.547253476 0.3158447374 0
17.3 -1.531125651 0.2543991224 0
17.4 -1.512694461 0.1925715711 0
17.5 -1.491863647 0.1304393822 0
17.6 -1.468534266 0.06808965689 0
17.7 -1.442605123 0.005620404149 0
17.8 -1.413973361 -0.05685826538 0
17.9 -1.382535254 -0.1192228621 0
18 -1.348187228 -0.181335171 0
18.1 -1.310827164 -0.2430408597 0
18.2 -1.270356032 -0.3041680739 0
18.3 -1.226679911 -0.3645260736 0
18.4 -1.179712449 -0.4239039774 0
18.5 -1.129377799 -0.4820697108 0
18.6 -1.075614088 -0.5387692773 0
18.7 -1.018377423 -0.5937265027 0
18.8 -0.9576464147 -0.6466434324 0
18.9 -0.8934271675 -0.6972015847 0
19 -0.8257585927 -0.7450642798 0
19.1 -0.7547178468 -0.7898802587 0
19.2 -0.6804255872 -0.8312887767 0
19.3 -0.6030506512 -0.8689262818 0
19.4 -0.5228136773 -0.902434682 0
19.5 -0.4399891375 -0.9314710363 0
19.6 -0.3549052556 -0.9557183167 0
19.7 -0.2679413698 -0.9748966743 0
19.8 -0.1795224719 -0.9887744556 0
19.9 -0.09011091244 -0.9971780944 0
20 -0.0001955753878 -0.9999999874 0
