0 6.941251246e-310 7.085196629e+194 1.240092301e+180
0.1 1.304456734e+242 8.89492561e+251 3.682547824e+227
0.2 2.608913468e+242 1.778985122e+252 7.365095649e+227
0.3 3.913370202e+242 2.668477683e+252 1.104764347e+228
0.4 5.217826936e+242 3.557970244e+252 1.47301913e+228
0.5 6.52228367e+242 4.447462805e+252 1.841273912e+228
0.6 7.826740405e+242 5.336955366e+252 2.209528695e+228
0.7 9.131197139e+242 6.226447927e+252 2.577783477e+228
0.8 1.043565387e+243 7.115940488e+252 2.946038259e+228
0.9 1.174011061e+243 8.005433049e+252 3.314293042e+228
1 1.304456734e+243 8.89492561e+252 3.682547824e+228
1.1 1.434902408e+243 9.784418171e+252 4.050802607e+228
1.2 1.565348081e+243 1.067391073e+253 4.419057389e+228
1.3 1.695793754e+243 1.156340329e+253 4.787312172e+228
1.4 1.826239428e+243 1.245289585e+253 5.155566954e+228
1.5 1.956685101e+243 1.334238842e+253 5.523821736e+228
1.6 2.087130775e+243 1.423188098e+253 5.892076519e+228
1.7 2.217576448e+243 1.512137354e+253 6.260331301e+228
1.8 2.348022121e+243 1.60108661e+253 6.628586084e+228
1.9 2.478467795e+243 1.690035866e+253 6.996840866e+228
2 2.608913468e+243 1.778985122e+253 7.365095649e+228
2.1 2.739359142e+243 1.867934378e+253 7.733350431e+228
2.2 2.869804815e+243 1.956883634e+253 8.101605213e+228
2.3 3.000250488e+243 2.04583289e+253 8.469859996e+228
2.4 3.130696162e+243 2.134782146e+253 8.838114778e+228
2.5 3.261141835e+243 2.223731403e+253 9.206369561e+228
2.6 3.391587509e+243 2.312680659e+253 9.574624343e+228
2.7 3.522033182e+243 2.401629915e+253 9.942879126e+228
2.8 3.652478855e+243 2.490579171e+253 1.031113391e+229
2.9 3.782924529e+243 2.579528427e+253 1.067938869e+229
3 3.913370202e+243 2.668477683e+253 1.104764347e+229
3.1 4.043815876e+243 2.757426939e+253 1.141589826e+229
3.2 4.174261549e+243 2.846376195e+253 1.178415304e+229
3.3 4.304707223e+243 2.935325451e+253 1.215240782e+229
3.4 4.435152896e+243 3.024274707e+253 1.25206626e+229
3.5 4.565598569e+243 3.113223964e+253 1.288891739e+229
3.6 4.696044243e+243 3.20217322e+253 1.325717217e+229
3.7 4.826489916e+243 3.291122476e+253 1.362542695e+229
3.8 4.95693559e+243 3.380071732e+253 1.399368173e+229
3.9 5.087381263e+243 3.469020988e+253 1.436193651e+229
4 5.217826936e+243 3.557970244e+253 1.47301913e+229
4.1 5.34827261e+243 3.6469195e+253 1.509844608e+229
4.2 5.478718283e+243 3.735868756e+253 1.546670086e+229
4.3 5.609163957e+243 3.824818012e+253 1.583495564e+229
4.4 5.73960963e+243 3.913767269e+253 1.620321043e+229
4.5 5.870055303e+243 4.002716525e+253 1.657146521e+229
4.6 6.000500977e+243 4.091665781e+253 1.693971999e+229
4.7 6.13094665e+243 4.180615037e+253 1.730797477e+229
4.8 6.261392324e+243 4.269564293e+253 1.767622956e+229
4.9 6.391837997e+243 4.358513549e+253 1.804448434e+229
5 6.52228367e+243 4.447462805e+253 1.841273912e+229
5.1 6.652729344e+243 4.536412061e+253 1.87809939e+229
5.2 6.783175017e+243 4.625361317e+253 1.914924869e+229
5.3 6.913620691e+243 4.714310573e+253 1.951750347e+229
5.4 7.044066364e+243 4.80325983e+253 1.988575825e+229
5.5 7.174512038e+243 4.892209086e+253 2.025401303e+229
5.6 7.304957711e+243 4.981158342e+253 2.062226782e+229
5.7 7.435403384e+243 5.070107598e+253 2.09905226e+229
5.8 7.565849058e+243 5.159056854e+253 2.135877738e+229
5.9 7.696294731e+243 5.24800611e+253 2.172703216e+229
6 7.826740405e+243 5.336955366e+253 2.209528695e+229
6.1 7.957186078e+243 5.425904622e+253 2.246354173e+229
6.2 8.087631751e+243 5.514853878e+253 2.283179651e+229
6.3 8.218077425e+243 5.603803134e+253 2.320005129e+229
6.4 8.348523098e+243 5.692752391e+253 2.356830608e+229
6.5 8.478968772e+243 5.781701647e+253 2.393656086e+229
6.6 8.609414445e+243 5.870650903e+253 2.430481564e+229
6.7 8.739860118e+243 5.959600159e+253 2.467307042e+229
6.8 8.870305792e+243 6.048549415e+253 2.504132521e+229
6.9 9.000751465e+243 6.137498671e+253 2.540957999e+229
7 9.131197139e+243 6.226447927e+253 2.577783477e+229
7.1 9.261642812e+243 6.315397183e+253 2.614608955e+229
7.2 9.392088485e+243 6.404346439e+253 2.651434434e+229
7.3 9.522534159e+243 6.493295695e+253 2.688259912e+229
7.4 9.652979832e+243 6.582244952e+253 2.72508539e+229
7.5 9.783425506e+243 6.671194208e+253 2.761910868e+229
7.6 9.913871179e+243 6.760143464e+253 2.798736346e+229
7.7 1.004431685e+244 6.84909272e+253 2.835561825e+229
7.8 1.017476253e+244 6.938041976e+253 2.872387303e+229
7.9 1.03052082e+244 7.026991232e+253 2.909212781e+229
8 1.043565387e+244 7.115940488e+253 2.946038259e+229
8.1 1.056609955e+244 7.204889744e+253 2.982863738e+229
8.2 1.069654522e+244 7.293839e+253 3.019689216e+229
8.3 1.082699089e+244 7.382788256e+253 3.056514694e+229
8.4 1.095743657e+244 7.471737513e+253 3.093340172e+229
8.5 1.108788224e+244 7.560686769e+253 3.130165651e+229
8.6 1.121832791e+244 7.649636025e+253 3.166991129e+229
8.7 1.134877359e+244 7.738585281e+253 3.203816607e+229
8.8 1.147921926e+244 7.827534537e+253 3.240642085e+229
8.9 1.160966493e+244 7.916483793e+253 3.277467564e+229
9 1.174011061e+244 8.005433049e+253 3.314293042e+229
9.1 1.187055628e+244 8.094382305e+253 3.35111852e+229
9.2 1.200100195e+244 8.183331561e+253 3.387943998e+229
9.3 1.213144763e+244 8.272280818e+253 3.424769477e+229
9.4 1.22618933e+244 8.361230074e+253 3.461594955e+229
9.5 1.239233897e+244 8.45017933e+253 3.498420433e+229
9.6 1.252278465e+244 8.539128586e+253 3.535245911e+229
9.7 1.265323032e+244 8.628077842e+253 3.57207139e+229
9.8 1.278367599e+244 8.717027098e+253 3.608896868e+229
9.9 1.291412167e+244 8.805976354e+253 3.645722346e+229
10 1.304456734e+244 8.89492561e+253 3.682547824e+229
10.1 1.317501301e+244 8.983874866e+253 3.719373303e+229
10.2 1.330545869e+244 9.072824122e+253 3.756198781e+229
10.3 1.343590436e+244 9.161773379e+253 3.793024259e+229
10.4 1.356635003e+244 9.250722635e+253 3.829849737e+229
10.5 1.369679571e+244 9.339671891e+253 3.866675216e+229
10.6 1.382724138e+244 9.428621147e+253 3.903500694e+229
10.7 1.395768705e+244 9.517570403e+253 3.940326172e+229
10.8 1.408813273e+244 9.606519659e+253 3.97715165e+229
10.9 1.42185784e+244 9.695468915e+253 4.013977128e+229
11 1.434902408e+244 9.784418171e+253 4.050802607e+229
11.1 1.447946975e+244 9.873367427e+253 4.087628085e+229
11.2 1.460991542e+244 9.962316683e+253 4.124453563e+229
11.3 1.47403611e+244 1.005126594e+254 4.161279041e+229
11.4 1.487080677e+244 1.01402152e+254 4.19810452e+229
11.5 1.500125244e+244 1.022916445e+254 4.234929998e+229
11.6 1.513169812e+244 1.031811371e+254 4.271755476e+229
11.7 1.526214379e+244 1.040706296e+254 4.308580954e+229
11.8 1.539258946e+244 1.049601222e+254 4.345406433e+229
11.9 1.552303514e+244 1.058496148e+254 4.382231911e+229
12 1.565348081e+244 1.067391073e+254 4.419057389e+229
12.1 1.578392648e+244 1.076285999e+254 4.455882867e+229
12.2 1.591437216e+244 1.085180924e+254 4.492708346e+229
12.3 1.604481783e+244 1.09407585e+254 4.529533824e+229
12.4 1.61752635e+244 1.102970776e+254 4.566359302e+229
12.5 1.630570918e+244 1.111865701e+254 4.60318478e+229
12.6 1.643615485e+244 1.120760627e+254 4.640010259e+229
12.7 1.656660052e+244 1.129655552e+254 4.676835737e+229
12.8 1.66970462e+244 1.138550478e+254 4.713661215e+229
12.9 1.682749187e+244 1.147445404e+254 4.750486693e+229
13 1.695793754e+244 1.156340329e+254 4.787312172e+229
13.1 1.708838322e+244 1.165235255e+254 4.82413765e+229
13.2 1.721882889e+244 1.174130181e+254 4.860963128e+229
13.3 1.734927456e+244 1.183025106e+254 4.897788606e+229
13.4 1.747972024e+244 1.191920032e+254 4.934614085e+229
13.5 1.761016591e+244 1.200814957e+254 4.971439563e+229
13.6 1.774061158e+244 1.209709883e+254 5.008265041e+229
13.7 1.787105726e+244 1.218604809e+254 5.045090519e+229
13.8 1.800150293e+244 1.227499734e+254 5.081915998e+229
13.9 1.81319486e+244 1.23639466e+254 5.118741476e+229
14 1.826239428e+244 1.245289585e+254 5.155566954e+229
14.1 1.839283995e+244 1.254184511e+254 5.192392432e+229
14.2 1.852328562e+244 1.263079437e+254 5.229217911e+229
14.3 1.86537313e+244 1.271974362e+254 5.266043389e+229
14.4 1.878417697e+244 1.280869288e+254 5.302868867e+229
14.5 1.891462264e+244 1.289764213e+254 5.339694345e+229
14.6 1.904506832e+244 1.298659139e+254 5.376519823e+229
14.7 1.917551399e+244 1.307554065e+254 5.413345302e+229
14.8 1.930595966e+244 1.31644899e+254 5.45017078e+229
14.9 1.943640534e+244 1.325343916e+254 5.486996258e+229
15 1.956685101e+244 1.334238842e+254 5.523821736e+229
15.1 1.969729668e+244 1.343133767e+254 5.560647215e+229
15.2 1.982774236e+244 1.352028693e+254 5.597472693e+229
15.3 1.995818803e+244 1.360923618e+254 5.634298171e+229
15.4 2.008863371e+244 1.369818544e+254 5.671123649e+229
15.5 2.021907938e+244 1.37871347e+254 5.707949128e+229
15.6 2.034952505e+244 1.387608395e+254 5.744774606e+229
15.7 2.047997073e+244 1.396503321e+254 5.781600084e+229
15.8 2.06104164e+244 1.405398246e+254 5.818425562e+229
15.9 2.074086207e+244 1.414293172e+254 5.855251041e+229
16 2.087130775e+244 1.423188098e+254 5.892076519e+229
16.1 2.100175342e+244 1.432083023e+254 5.928901997e+229
16.2 2.113219909e+244 1.440977949e+254 5.965727475e+229
16.3 2.126264477e+244 1.449872874e+254 6.002552954e+229
16.4 2.139309044e+244 1.4587678e+254 6.039378432e+229
16.5 2.152353611e+244 1.467662726e+254 6.07620391e+229
16.6 2.165398179e+244 1.476557651e+254 6.113029388e+229
16.7 2.178442746e+244 1.485452577e+254 6.149854867e+229
16.8 2.191487313e+244 1.494347503e+254 6.186680345e+229
16.9 2.204531881e+244 1.503242428e+254 6.223505823e+229
17 2.217576448e+244 1.512137354e+254 6.260331301e+229
17.1 2.230621015e+244 1.521032279e+254 6.29715678e+229
17.2 2.243665583e+244 1.529927205e+254 6.333982258e+229
17.3 2.25671015e+244 1.538822131e+254 6.370807736e+229
17.4 2.269754717e+244 1.547717056e+254 6.407633214e+229
17.5 2.282799285e+244 1.556611982e+254 6.444458693e+229
17.6 2.295843852e+244 1.565506907e+254 6.481284171e+229
17.7 2.308888419e+244 1.574401833e+254 6.518109649e+229
17.8 2.321932987e+244 1.583296759e+254 6.554935127e+229
17.9 2.334977554e+244 1.592191684e+254 6.591760606e+229
18 2.348022121e+244 1.60108661e+254 6.628586084e+229
18.1 2.361066689e+244 1.609981535e+254 6.665411562e+229
18.2 2.374111256e+244 1.618876461e+254 6.70223704e+229
18.3 2.387155823e+244 1.627771387e+254 6.739062518e+229
18.4 2.400200391e+244 1.636666312e+254 6.775887997e+229
18.5 2.413244958e+244 1.645561238e+254 6.812713475e+229
18.6 2.426289525e+244 1.654456164e+254 6.849538953e+229
18.7 2.439334093e+244 1.663351089e+254 6.886364431e+229
18.8 2.45237866e+244 1.672246015e+254 6.92318991e+229
18.9 2.465423227e+244 1.68114094e+254 6.960015388e+229
19 2.478467795e+244 1.690035866e+254 6.996840866e+229
19.1 2.491512362e+244 1.698930792e+254 7.033666344e+229
19.2 2.504556929e+244 1.707825717e+254 7.070491823e+229
19.3 2.517601497e+244 1.716720643e+254 7.107317301e+229
19.4 2.530646064e+244 1.725615568e+254 7.144142779e+229
19.5 2.543690631e+244 1.734510494e+254 7.180968257e+229
19.6 2.556735199e+244 1.74340542e+254 7.217793736e+229
19.7 2.569779766e+244 1.752300345e+254 7.254619214e+229
19.8 2.582824334e+244 1.761195271e+254 7.291444692e+229
19.9 2.595868901e+244 1.770090196e+254 7.32827017e+229
20 2.608913468e+244 1.778985122e+254 7.365095649e+229
