0 1.064002503e+248 1.745617054e+238 1.135560973e-153
0.1 6.521229979e+251 1.745617054e+238 1.135560973e-153
0.2 1.304139596e+252 1.745617054e+238 1.135560973e-153
0.3 1.956156193e+252 1.745617054e+238 1.135560973e-153
0.4 2.608172791e+252 1.745617054e+238 1.135560973e-153
0.5 3.260189389e+252 1.745617054e+238 1.135560973e-153
0.6 3.912205986e+252 1.745617054e+238 1.135560973e-153
0.7 4.564222584e+252 1.745617054e+238 1.135560973e-153
0.8 5.216239182e+252 1.745617054e+238 1.135560973e-153
0.9 5.868255779e+252 1.745617054e+238 1.135560973e-153
1 6.520272377e+252 1.745617054e+238 1.135560973e-153
1.1 7.172288975e+252 1.745617054e+238 1.135560973e-153
1.2 7.824305572e+252 1.745617054e+238 1.135560973e-153
1.3 8.47632217e+252 1.745617054e+238 1.135560973e-153
1.4 9.128338768e+252 1.745617054e+238 1.135560973e-153
1.5 9.780355365e+252 1.745617054e+238 1.135560973e-153
1.6 1.043237196e+253 1.745617054e+238 1.135560973e-153
1.7 1.108438856e+253 1.745617054e+238 1.135560973e-153
1.8 1.173640516e+253 1.745617054e+238 1.135560973e-153
1.9 1.238842176e+253 1.745617054e+238 1.135560973e-153
2 1.304043835e+253 1.745617054e+238 1.135560973e-153
2.1 1.369245495e+253 1.745617054e+238 1.135560973e-153
2.2 1.434447155e+253 1.745617054e+238 1.135560973e-153
2.3 1.499648815e+253 1.745617054e+238 1.135560973e-153
2.4 1.564850474e+253 1.745617054e+238 1.135560973e-153
2.5 1.630052134e+253 1.745617054e+238 1.135560973e-153
2.6 1.695253794e+253 1.745617054e+238 1.135560973e-153
2.7 1.760455454e+253 1.745617054e+238 1.135560973e-153
2.8 1.825657113e+253 1.745617054e+238 1.135560973e-153
2.9 1.890858773e+253 1.745617054e+238 1.135560973e-153
3 1.956060433e+253 1.745617054e+238 1.135560973e-153
3.1 2.021262093e+253 1.745617054e+238 1.135560973e-153
3.2 2.086463753e+253 1.745617054e+238 1.135560973e-153
3.3 2.151665412e+253 1.745617054e+238 1.135560973e-153
3.4 2.216867072e+253 1.745617054e+238 1.135560973e-153
3.5 2.282068732e+253 1.745617054e+238 1.135560973e-153
3.6 2.347270392e+253 1.745617054e+238 1.135560973e-153
3.7 2.412472051e+253 1.745617054e+238 1.135560973e-153
3.8 2.477673711e+253 1.745617054e+238 1.135560973e-153
3.9 2.542875371e+253 1.745617054e+238 1.135560973e-153
4 2.608077031e+253 1.745617054e+238 1.135560973e-153
4.1 2.67327869e+253 1.745617054e+238 1.135560973e-153
4.2 2.73848035e+253 1.745617054e+238 1.135560973e-153
4.3 2.80368201e+253 1.745617054e+238 1.135560973e-153
4.4 2.86888367e+253 1.745617054e+238 1.135560973e-153
4.5 2.93408533e+253 1.745617054e+238 1.135560973e-153
4.6 2.999286989e+253 1.745617054e+238 1.135560973e-153
4.7 3.064488649e+253 1.745617054e+238 1.135560973e-153
4.8 3.129690309e+253 1.745617054e+238 1.135560973e-153
4.9 3.194891969e+253 1.745617054e+238 1.135560973e-153
5 3.260093628e+253 1.745617054e+238 1.135560973e-153
5.1 3.325295288e+253 1.745617054e+238 1.135560973e-153
5.2 3.390496948e+253 1.745617054e+238 1.135560973e-153
5.3 3.455698608e+253 1.745617054e+238 1.135560973e-153
5.4 3.520900267e+253 1.745617054e+238 1.135560973e-153
5.5 3.586101927e+253 1.745617054e+238 1.135560973e-153
5.6 3.651303587e+253 1.745617054e+238 1.135560973e-153
5.7 3.716505247e+253 1.745617054e+238 1.135560973e-153
5.8 3.781706906e+253 1.745617054e+238 1.135560973e-153
5.9 3.846908566e+253 1.745617054e+238 1.135560973e-153
6 3.912110226e+253 1.745617054e+238 1.135560973e-153
6.1 3.977311886e+253 1.745617054e+238 1.135560973e-153
6.2 4.042513546e+253 1.745617054e+238 1.135560973e-153
6.3 4.107715205e+253 1.745617054e+238 1.135560973e-153
6.4 4.172916865e+253 1.745617054e+238 1.135560973e-153
6.5 4.238118525e+253 1.745617054e+238 1.135560973e-153
6.6 4.303320185e+253 1.745617054e+238 1.135560973e-153
6.7 4.368521844e+253 1.745617054e+238 1.135560973e-153
6.8 4.433723504e+253 1.745617054e+238 1.135560973e-153
6.9 4.498925164e+253 1.745617054e+238 1.135560973e-153
7 4.564126824e+253 1.745617054e+238 1.135560973e-153
7.1 4.629328483e+253 1.745617054e+238 1.135560973e-153
7.2 4.694530143e+253 1.745617054e+238 1.135560973e-153
7.3 4.759731803e+253 1.745617054e+238 1.135560973e-153
7.4 4.824933463e+253 1.745617054e+238 1.135560973e-153
7.5 4.890135123e+253 1.745617054e+238 1.135560973e-153
7.6 4.955336782e+253 1.745617054e+238 1.135560973e-153
7.7 5.020538442e+253 1.745617054e+238 1.135560973e-153
7.8 5.085740102e+253 1.745617054e+238 1.135560973e-153
7.9 5.150941762e+253 1.745617054e+238 1.135560973e-153
8 5.216143421e+253 1.745617054e+238 1.135560973e-153
8.1 5.281345081e+253 1.745617054e+238 1.135560973e-153
8.2 5.346546741e+253 1.745617054e+238 1.135560973e-153
8.3 5.411748401e+253 1.745617054e+238 1.135560973e-153
8.4 5.47695006e+253 1.745617054e+238 1.135560973e-153
8.5 5.54215172e+253 1.745617054e+238 1.135560973e-153
8.6 5.60735338e+253 1.745617054e+238 1.135560973e-153
8.7 5.67255504e+253 1.745617054e+238 1.135560973e-153
8.8 5.737756699e+253 1.745617054e+238 1.135560973e-153
8.9 5.802958359e+253 1.745617054e+238 1.135560973e-153
9 5.868160019e+253 1.745617054e+238 1.135560973e-153
9.1 5.933361679e+253 1.745617054e+238 1.135560973e-153
9.2 5.998563339e+253 1.745617054e+238 1.135560973e-153
9.3 6.063764998e+253 1.745617054e+238 1.135560973e-153
9.4 6.128966658e+253 1.745617054e+238 1.135560973e-153
9.5 6.194168318e+253 1.745617054e+238 1.135560973e-153
9.6 6.259369978e+253 1.745617054e+238 1.135560973e-153
9.7 6.324571637e+253 1.745617054e+238 1.135560973e-153
9.8 6.389773297e+253 1.745617054e+238 1.135560973e-153
9.9 6.454974957e+253 1.745617054e+238 1.135560973e-153
10 6.520176617e+253 1.745617054e+238 1.135560973e-153
10.1 6.585378276e+253 1.745617054e+238 1.135560973e-153
10.2 6.650579936e+253 1.745617054e+238 1.135560973e-153
10.3 6.715781596e+253 1.745617054e+238 1.135560973e-153
10.4 6.780983256e+253 1.745617054e+238 1.135560973e-153
10.5 6.846184915e+253 1.745617054e+238 1.135560973e-153
10.6 6.911386575e+253 1.745617054e+238 1.135560973e-153
10.7 6.976588235e+253 1.745617054e+238 1.135560973e-153
10.8 7.041789895e+253 1.745617054e+238 1.135560973e-153
10.9 7.106991555e+253 1.745617054e+238 1.135560973e-153
11 7.172193214e+253 1.745617054e+238 1.135560973e-153
11.1 7.237394874e+253 1.745617054e+238 1.135560973e-153
11.2 7.302596534e+253 1.745617054e+238 1.135560973e-153
11.3 7.367798194e+253 1.745617054e+238 1.135560973e-153
11.4 7.432999853e+253 1.745617054e+238 1.135560973e-153
11.5 7.498201513e+253 1.745617054e+238 1.135560973e-153
11.6 7.563403173e+253 1.745617054e+238 1.135560973e-153
11.7 7.628604833e+253 1.745617054e+238 1.135560973e-153
11.8 7.693806492e+253 1.745617054e+238 1.135560973e-153
11.9 7.759008152e+253 1.745617054e+238 1.135560973e-153
12 7.824209812e+253 1.745617054e+238 1.135560973e-153
12.1 7.889411472e+253 1.745617054e+238 1.135560973e-153
12.2 7.954613132e+253 1.745617054e+238 1.135560973e-153
12.3 8.019814791e+253 1.745617054e+238 1.135560973e-153
12.4 8.085016451e+253 1.745617054e+238 1.135560973e-153
12.5 8.150218111e+253 1.745617054e+238 1.135560973e-153
12.6 8.215419771e+253 1.745617054e+238 1.135560973e-153
12.7 8.28062143e+253 1.745617054e+238 1.135560973e-153
12.8 8.34582309e+253 1.745617054e+238 1.135560973e-153
12.9 8.41102475e+253 1.745617054e+238 1.135560973e-153
13 8.47622641e+253 1.745617054e+238 1.135560973e-153
13.1 8.541428069e+253 1.745617054e+238 1.135560973e-153
13.2 8.606629729e+253 1.745617054e+238 1.135560973e-153
13.3 8.671831389e+253 1.745617054e+238 1.135560973e-153
13.4 8.737033049e+253 1.745617054e+238 1.135560973e-153
13.5 8.802234708e+253 1.745617054e+238 1.135560973e-153
13.6 8.867436368e+253 1.745617054e+238 1.135560973e-153
13.7 8.932638028e+253 1.745617054e+238 1.135560973e-153
13.8 8.997839688e+253 1.745617054e+238 1.135560973e-153
13.9 9.063041348e+253 1.745617054e+238 1.135560973e-153
14 9.128243007e+253 1.745617054e+238 1.135560973e-153
14.1 9.193444667e+253 1.745617054e+238 1.135560973e-153
14.2 9.258646327e+253 1.745617054e+238 1.135560973e-153
14.3 9.323847987e+253 1.745617054e+238 1.135560973e-153
14.4 9.389049646e+253 1.745617054e+238 1.135560973e-153
14.5 9.454251306e+253 1.745617054e+238 1.135560973e-153
14.6 9.519452966e+253 1.745617054e+238 1.135560973e-153
14.7 9.584654626e+253 1.745617054e+238 1.135560973e-153
14.8 9.649856285e+253 1.745617054e+238 1.135560973e-153
14.9 9.715057945e+253 1.745617054e+238 1.135560973e-153
15 9.780259605e+253 1.745617054e+238 1.135560973e-153
15.1 9.845461265e+253 1.745617054e+238 1.135560973e-153
15.2 9.910662925e+253 1.745617054e+238 1.135560973e-153
15.3 9.975864584e+253 1.745617054e+238 1.135560973e-153
15.4 1.004106624e+254 1.745617054e+238 1.135560973e-153
15.5 1.01062679e+254 1.745617054e+238 1.135560973e-153
15.6 1.017146956e+254 1.745617054e+238 1.135560973e-153
15.7 1.023667122e+254 1.745617054e+238 1.135560973e-153
15.8 1.030187288e+254 1.745617054e+238 1.135560973e-153
15.9 1.036707454e+254 1.745617054e+238 1.135560973e-153
16 1.04322762e+254 1.745617054e+238 1.135560973e-153
16.1 1.049747786e+254 1.745617054e+238 1.135560973e-153
16.2 1.056267952e+254 1.745617054e+238 1.135560973e-153
16.3 1.062788118e+254 1.745617054e+238 1.135560973e-153
16.4 1.069308284e+254 1.745617054e+238 1.135560973e-153
16.5 1.07582845e+254 1.745617054e+238 1.135560973e-153
16.6 1.082348616e+254 1.745617054e+238 1.135560973e-153
16.7 1.088868782e+254 1.745617054e+238 1.135560973e-153
16.8 1.095388948e+254 1.745617054e+238 1.135560973e-153
16.9 1.101909114e+254 1.745617054e+238 1.135560973e-153
17 1.10842928e+254 1.745617054e+238 1.135560973e-153
17.1 1.114949446e+254 1.745617054e+238 1.135560973e-153
17.2 1.121469612e+254 1.745617054e+238 1.135560973e-153
17.3 1.127989778e+254 1.745617054e+238 1.135560973e-153
17.4 1.134509944e+254 1.745617054e+238 1.135560973e-153
17.5 1.14103011e+254 1.745617054e+238 1.135560973e-153
17.6 1.147550276e+254 1.745617054e+238 1.135560973e-153
17.7 1.154070442e+254 1.745617054e+238 1.135560973e-153
17.8 1.160590608e+254 1.745617054e+238 1.135560973e-153
17.9 1.167110774e+254 1.745617054e+238 1.135560973e-153
18 1.17363094e+254 1.745617054e+238 1.135560973e-153
18.1 1.180151106e+254 1.745617054e+238 1.135560973e-153
18.2 1.186671272e+254 1.745617054e+238 1.135560973e-153
18.3 1.193191438e+254 1.745617054e+238 1.135560973e-153
18.4 1.199711604e+254 1.745617054e+238 1.135560973e-153
18.5 1.20623177e+254 1.745617054e+238 1.135560973e-153
18.6 1.212751936e+254 1.745617054e+238 1.135560973e-153
18.7 1.219272102e+254 1.745617054e+238 1.135560973e-153
18.8 1.225792268e+254 1.745617054e+238 1.135560973e-153
18.9 1.232312434e+254 1.745617054e+238 1.135560973e-153
19 1.2388326e+254 1.745617054e+238 1.135560973e-153
19.1 1.245352766e+254 1.745617054e+238 1.135560973e-153
19.2 1.251872932e+254 1.745617054e+238 1.135560973e-153
19.3 1.258393097e+254 1.745617054e+238 1.135560973e-153
19.4 1.264913263e+254 1.745617054e+238 1.135560973e-153
19.5 1.271433429e+254 1.745617054e+238 1.135560973e-153
19.6 1.277953595e+254 1.745617054e+238 1.135560973e-153
19.7 1.284473761e+254 1.745617054e+238 1.135560973e-153
19.8 1.290993927e+254 1.745617054e+238 1.135560973e-153
19.9 1.297514093e+254 1.745617054e+238 1.135560973e-153
20 1.304034259e+254 1.745617054e+238 1.135560973e-153
