0 8.887964001e+247 2.355657417e+251 6.622744762e+265
0.1 8.887964001e+247 2.355657418e+251 6.622744762e+265
0.2 8.887964001e+247 2.35565742e+251 6.622744762e+265
0.3 8.887964001e+247 2.355657422e+251 6.622744762e+265
0.4 8.887964001e+247 2.355657423e+251 6.622744762e+265
0.5 8.887964001e+247 2.355657425e+251 6.622744762e+265
0.6 8.887964001e+247 2.355657427e+251 6.622744762e+265
0.7 8.887964001e+247 2.355657428e+251 6.622744762e+265
0.8 8.887964001e+247 2.35565743e+251 6.622744762e+265
0.9 8.887964001e+247 2.355657432e+251 6.622744762e+265
1 8.887964001e+247 2.355657433e+251 6.622744762e+265
1.1 8.887964001e+247 2.355657435e+251 6.622744762e+265
1.2 8.887964001e+247 2.355657437e+251 6.622744762e+265
1.3 8.887964001e+247 2.355657438e+251 6.622744762e+265
1.4 8.887964001e+247 2.35565744e+251 6.622744762e+265
1.5 8.887964001e+247 2.355657442e+251 6.622744762e+265
1.6 8.887964001e+247 2.355657443e+251 6.622744762e+265
1.7 8.887964001e+247 2.355657445e+251 6.622744762e+265
1.8 8.887964001e+247 2.355657447e+251 6.622744762e+265
1.9 8.887964001e+247 2.355657448e+251 6.622744762e+265
2 8.887964001e+247 2.35565745e+251 6.622744762e+265
2.1 8.887964001e+247 2.355657452e+251 6.622744762e+265
2.2 8.887964001e+247 2.355657453e+251 6.622744762e+265
2.3 8.887964001e+247 2.355657455e+251 6.622744762e+265
2.4 8.887964001e+247 2.355657457e+251 6.622744762e+265
2.5 8.887964001e+247 2.355657459e+251 6.622744762e+265
2.6 8.887964001e+247 2.35565746e+251 6.622744762e+265
2.7 8.887964001e+247 2.355657462e+251 6.622744762e+265
2.8 8.887964001e+247 2.355657464e+251 6.622744762e+265
2.9 8.887964001e+247 2.355657465e+251 6.622744762e+265
3 8.887964001e+247 2.355657467e+251 6.622744762e+265
3.1 8.887964001e+247 2.355657469e+251 6.622744762e+265
3.2 8.887964001e+247 2.35565747e+251 6.622744762e+265
3.3 8.887964001e+247 2.355657472e+251 6.622744762e+265
3.4 8.887964001e+247 2.355657474e+251 6.622744762e+265
3.5 8.887964001e+247 2.355657475e+251 6.622744762e+265
3.6 8.887964001e+247 2.355657477e+251 6.622744762e+265
3.7 8.887964001e+247 2.355657479e+251 6.622744762e+265
3.8 8.887964001e+247 2.35565748e+251 6.622744762e+265
3.9 8.887964001e+247 2.355657482e+251 6.622744762e+265
4 8.887964001e+247 2.355657484e+251 6.622744762e+265
4.1 8.887964001e+247 2.355657485e+251 6.622744762e+265
4.2 8.887964001e+247 2.355657487e+251 6.622744762e+265
4.3 8.887964001e+247 2.355657489e+251 6.622744762e+265
4.4 8.887964001e+247 2.35565749e+251 6.622744762e+265
4.5 8.887964001e+247 2.355657492e+251 6.622744762e+265
4.6 8.887964001e+247 2.355657494e+251 6.622744762e+265
4.7 8.887964001e+247 2.355657495e+251 6.622744762e+265
4.8 8.887964001e+247 2.355657497e+251 6.622744762e+265
4.9 8.887964001e+247 2.355657499e+251 6.622744762e+265
5 8.887964001e+247 2.3556575e+251 6.622744762e+265
5.1 8.887964001e+247 2.355657502e+251 6.622744762e+265
5.2 8.887964001e+247 2.355657504e+251 6.622744762e+265
5.3 8.887964001e+247 2.355657505e+251 6.622744762e+265
5.4 8.887964001e+247 2.355657507e+251 6.622744762e+265
5.5 8.887964001e+247 2.355657509e+251 6.622744762e+265
5.6 8.887964001e+247 2.35565751e+251 6.622744762e+265
5.7 8.887964001e+247 2.355657512e+251 6.622744762e+265
5.8 8.887964001e+247 2.355657514e+251 6.622744762e+265
5.9 8.887964001e+247 2.355657515e+251 6.622744762e+265
6 8.887964001e+247 2.355657517e+251 6.622744762e+265
6.1 8.887964001e+247 2.355657519e+251 6.622744762e+265
6.2 8.887964001e+247 2.35565752e+251 6.622744762e+265
6.3 8.887964001e+247 2.355657522e+251 6.622744762e+265
6.4 8.887964001e+247 2.355657524e+251 6.622744762e+265
6.5 8.887964001e+247 2.355657526e+251 6.622744762e+265
6.6 8.887964001e+247 2.355657527e+251 6.622744762e+265
6.7 8.887964001e+247 2.355657529e+251 6.622744762e+265
6.8 8.887964001e+247 2.355657531e+251 6.622744762e+265
6.9 8.887964001e+247 2.355657532e+251 6.622744762e+265
7 8.887964001e+247 2.355657534e+251 6.622744762e+265
7.1 8.887964001e+247 2.355657536e+251 6.622744762e+265
7.2 8.887964001e+247 2.355657537e+251 6.622744762e+265
7.3 8.887964001e+247 2.355657539e+251 6.622744762e+265
7.4 8.887964001e+247 2.355657541e+251 6.622744762e+265
7.5 8.887964001e+247 2.355657542e+251 6.622744762e+265
7.6 8.887964001e+247 2.355657544e+251 6.622744762e+265
7.7 8.887964001e+247 2.355657546e+251 6.622744762e+265
7.8 8.887964001e+247 2.355657547e+251 6.622744762e+265
7.9 8.887964001e+247 2.355657549e+251 6.622744762e+265
8 8.887964001e+247 2.355657551e+251 6.622744762e+265
8.1 8.887964001e+247 2.355657552e+251 6.622744762e+265
8.2 8.887964001e+247 2.355657554e+251 6.622744762e+265
8.3 8.887964001e+247 2.355657556e+251 6.622744762e+265
8.4 8.887964001e+247 2.355657557e+251 6.622744762e+265
8.5 8.887964001e+247 2.355657559e+251 6.622744762e+265
8.6 8.887964001e+247 2.355657561e+251 6.622744762e+265
8.7 8.887964001e+247 2.355657562e+251 6.622744762e+265
8.8 8.887964001e+247 2.355657564e+251 6.622744762e+265
8.9 8.887964001e+247 2.355657566e+251 6.622744762e+265
9 8.887964001e+247 2.355657567e+251 6.622744762e+265
9.1 8.887964001e+247 2.355657569e+251 6.622744762e+265
9.2 8.887964001e+247 2.355657571e+251 6.622744762e+265
9.3 8.887964001e+247 2.355657572e+251 6.622744762e+265
9.4 8.887964001e+247 2.355657574e+251 6.622744762e+265
9.5 8.887964001e+247 2.355657576e+251 6.622744762e+265
9.6 8.887964001e+247 2.355657577e+251 6.622744762e+265
9.7 8.887964001e+247 2.355657579e+251 6.622744762e+265
9.8 8.887964001e+247 2.355657581e+251 6.622744762e+265
9.9 8.887964001e+247 2.355657582e+251 6.622744762e+265
10 8.887964001e+247 2.355657584e+251 6.622744762e+265
10.1 8.887964001e+247 2.355657586e+251 6.622744762e+265
10.2 8.887964001e+247 2.355657587e+251 6.622744762e+265
10.3 8.887964001e+247 2.355657589e+251 6.622744762e+265
10.4 8.887964001e+247 2.355657591e+251 6.622744762e+265
10.5 8.887964001e+247 2.355657593e+251 6.622744762e+265
10.6 8.887964001e+247 2.355657594e+251 6.622744762e+265
10.7 8.887964001e+247 2.355657596e+251 6.622744762e+265
10.8 8.887964001e+247 2.355657598e+251 6.622744762e+265
10.9 8.887964001e+247 2.355657599e+251 6.622744762e+265
11 8.887964001e+247 2.355657601e+251 6.622744762e+265
11.1 8.887964001e+247 2.355657603e+251 6.622744762e+265
11.2 8.887964001e+247 2.355657604e+251 6.622744762e+265
11.3 8.887964001e+247 2.355657606e+251 6.622744762e+265
11.4 8.887964001e+247 2.355657608e+251 6.622744762e+265
11.5 8.887964001e+247 2.355657609e+251 6.622744762e+265
11.6 8.887964001e+247 2.355657611e+251 6.622744762e+265
11.7 8.887964001e+247 2.355657613e+251 6.622744762e+265
11.8 8.887964001e+247 2.355657614e+251 6.622744762e+265
11.9 8.887964001e+247 2.355657616e+251 6.622744762e+265
12 8.887964001e+247 2.355657618e+251 6.622744762e+265
12.1 8.887964001e+247 2.355657619e+251 6.622744762e+265
12.2 8.887964001e+247 2.355657621e+251 6.622744762e+265
12.3 8.887964001e+247 2.355657623e+251 6.622744762e+265
12.4 8.887964001e+247 2.355657624e+251 6.622744762e+265
12.5 8.887964001e+247 2.355657626e+251 6.622744762e+265
12.6 8.887964001e+247 2.355657628e+251 6.622744762e+265
12.7 8.887964001e+247 2.355657629e+251 6.622744762e+265
12.8 8.887964001e+247 2.355657631e+251 6.622744762e+265
12.9 8.887964001e+247 2.355657633e+251 6.622744762e+265
13 8.887964001e+247 2.355657634e+251 6.622744762e+265
13.1 8.887964001e+247 2.355657636e+251 6.622744762e+265
13.2 8.887964001e+247 2.355657638e+251 6.622744762e+265
13.3 8.887964001e+247 2.355657639e+251 6.622744762e+265
13.4 8.887964001e+247 2.355657641e+251 6.622744762e+265
13.5 8.887964001e+247 2.355657643e+251 6.622744762e+265
13.6 8.887964001e+247 2.355657644e+251 6.622744762e+265
13.7 8.887964001e+247 2.355657646e+251 6.622744762e+265
13.8 8.887964001e+247 2.355657648e+251 6.622744762e+265
13.9 8.887964001e+247 2.355657649e+251 6.622744762e+265
14 8.887964001e+247 2.355657651e+251 6.622744762e+265
14.1 8.887964001e+247 2.355657653e+251 6.622744762e+265
14.2 8.887964001e+247 2.355657654e+251 6.622744762e+265
14.3 8.887964001e+247 2.355657656e+251 6.622744762e+265
14.4 8.887964001e+247 2.355657658e+251 6.622744762e+265
14.5 8.887964001e+247 2.35565766e+251 6.622744762e+265
14.6 8.887964001e+247 2.355657661e+251 6.622744762e+265
14.7 8.887964001e+247 2.355657663e+251 6.622744762e+265
14.8 8.887964001e+247 2.355657665e+251 6.622744762e+265
14.9 8.887964001e+247 2.355657666e+251 6.622744762e+265
15 8.887964001e+247 2.355657668e+251 6.622744762e+265
15.1 8.887964001e+247 2.35565767e+251 6.622744762e+265
15.2 8.887964001e+247 2.355657671e+251 6.622744762e+265
15.3 8.887964001e+247 2.355657673e+251 6.622744762e+265
15.4 8.887964001e+247 2.355657675e+251 6.622744762e+265
15.5 8.887964001e+247 2.355657676e+251 6.622744762e+265
15.6 8.887964001e+247 2.355657678e+251 6.622744762e+265
15.7 8.887964001e+247 2.35565768e+251 6.622744762e+265
15.8 8.887964001e+247 2.355657681e+251 6.622744762e+265
15.9 8.887964001e+247 2.355657683e+251 6.622744762e+265
16 8.887964001e+247 2.355657685e+251 6.622744762e+265
16.1 8.887964001e+247 2.355657686e+251 6.622744762e+265
16.2 8.887964001e+247 2.355657688e+251 6.622744762e+265
16.3 8.887964001e+247 2.35565769e+251 6.622744762e+265
16.4 8.887964001e+247 2.355657691e+251 6.622744762e+265
16.5 8.887964001e+247 2.355657693e+251 6.622744762e+265
16.6 8.887964001e+247 2.355657695e+251 6.622744762e+265
16.7 8.887964001e+247 2.355657696e+251 6.622744762e+265
16.8 8.887964001e+247 2.355657698e+251 6.622744762e+265
16.9 8.887964001e+247 2.3556577e+251 6.622744762e+265
17 8.887964001e+247 2.355657701e+251 6.622744762e+265
17.1 8.887964001e+247 2.355657703e+251 6.622744762e+265
17.2 8.887964001e+247 2.355657705e+251 6.622744762e+265
17.3 8.887964001e+247 2.355657706e+251 6.622744762e+265
17.4 8.887964001e+247 2.355657708e+251 6.622744762e+265
17.5 8.887964001e+247 2.35565771e+251 6.622744762e+265
17.6 8.887964001e+247 2.355657711e+251 6.622744762e+265
17.7 8.887964001e+247 2.355657713e+251 6.622744762e+265
17.8 8.887964001e+247 2.355657715e+251 6.622744762e+265
17.9 8.887964001e+247 2.355657716e+251 6.622744762e+265
18 8.887964001e+247 2.355657718e+251 6.622744762e+265
18.1 8.887964001e+247 2.35565772e+251 6.622744762e+265
18.2 8.887964001e+247 2.355657721e+251 6.622744762e+265
18.3 8.887964001e+247 2.355657723e+251 6.622744762e+265
18.4 8.887964001e+247 2.355657725e+251 6.622744762e+265
18.5 8.887964001e+247 2.355657727e+251 6.622744762e+265
18.6 8.887964001e+247 2.355657728e+251 6.622744762e+265
18.7 8.887964001e+247 2.35565773e+251 6.622744762e+265
18.8 8.887964001e+247 2.355657732e+251 6.622744762e+265
18.9 8.887964001e+247 2.355657733e+251 6.622744762e+265
19 8.887964001e+247 2.355657735e+251 6.622744762e+265
19.1 8.887964001e+247 2.355657737e+251 6.622744762e+265
19.2 8.887964001e+247 2.355657738e+251 6.622744762e+265
19.3 8.887964001e+247 2.35565774e+251 6.622744762e+265
19.4 8.887964001e+247 2.355657742e+251 6.622744762e+265
19.5 8.887964001e+247 2.355657743e+251 6.622744762e+265
19.6 8.887964001e+247 2.355657745e+251 6.622744762e+265
19.7 8.887964001e+247 2.355657747e+251 6.622744762e+265
19.8 8.887964001e+247 2.355657748e+251 6.622744762e+265
19.9 8.887964001e+247 2.35565775e+251 6.622744762e+265
20 8.887964001e+247 2.355657752e+251 6.622744762e+265
