0 4.673163251e-310 8.716129899e+150 4.469206888e-310
0.1 4.673163251e-310 8.716129899e+150 4.936523213e-310
0.2 4.673163251e-310 8.716129899e+150 5.403839538e-310
0.3 4.673163251e-310 8.716129899e+150 5.871155863e-310
0.4 4.673163251e-310 8.716129899e+150 6.338472188e-310
0.5 4.673163251e-310 8.716129899e+150 6.805788513e-310
0.6 4.673163251e-310 8.716129899e+150 7.273104838e-310
0.7 4.673163251e-310 8.716129899e+150 7.740421163e-310
0.8 4.673163251e-310 8.716129899e+150 8.207737488e-310
0.9 4.673163251e-310 8.716129899e+150 8.675053813e-310
1 4.673163251e-310 8.716129899e+150 9.142370138e-310
1.1 4.673163251e-310 8.716129899e+150 9.609686463e-310
1.2 4.673163251e-310 8.716129899e+150 1.007700279e-309
1.3 4.673163251e-310 8.716129899e+150 1.054431911e-309
1.4 4.673163251e-310 8.716129899e+150 1.101163544e-309
1.5 4.673163251e-310 8.716129899e+150 1.147895176e-309
1.6 4.673163251e-310 8.716129899e+150 1.194626809e-309
1.7 4.673163251e-310 8.716129899e+150 1.241358441e-309
1.8 4.673163251e-310 8.716129899e+150 1.288090074e-309
1.9 4.673163251e-310 8.716129899e+150 1.334821706e-309
2 4.673163251e-310 8.716129899e+150 1.381553339e-309
2.1 4.673163251e-310 8.716129899e+150 1.428284971e-309
2.2 4.673163251e-310 8.716129899e+150 1.475016604e-309
2.3 4.673163251e-310 8.716129899e+150 1.521748236e-309
2.4 4.673163251e-310 8.716129899e+150 1.568479869e-309
2.5 4.673163251e-310 8.716129899e+150 1.615211501e-309
2.6 4.673163251e-310 8.716129899e+150 1.661943134e-309
2.7 4.673163251e-310 8.716129899e+150 1.708674766e-309
2.8 4.673163251e-310 8.716129899e+150 1.755406399e-309
2.9 4.673163251e-310 8.716129899e+150 1.802138031e-309
3 4.673163251e-310 8.716129899e+150 1.848869664e-309
3.1 4.673163251e-310 8.716129899e+150 1.895601297e-309
3.2 4.673163251e-310 8.716129899e+150 1.942332929e-309
3.3 4.673163251e-310 8.716129899e+150 1.989064562e-309
3.4 4.673163251e-310 8.716129899e+150 2.035796194e-309
3.5 4.673163251e-310 8.716129899e+150 2.082527827e-309
3.6 4.673163251e-310 8.716129899e+150 2.129259459e-309
3.7 4.673163251e-310 8.716129899e+150 2.175991092e-309
3.8 4.673163251e-310 8.716129899e+150 2.222722724e-309
3.9 4.673163251e-310 8.716129899e+150 2.269454357e-309
4 4.673163251e-310 8.716129899e+150 2.316185989e-309
4.1 4.673163251e-310 8.716129899e+150 2.362917622e-309
4.2 4.673163251e-310 8.716129899e+150 2.409649254e-309
4.3 4.673163251e-310 8.716129899e+150 2.456380887e-309
4.4 4.673163251e-310 8.716129899e+150 2.503112519e-309
4.5 4.673163251e-310 8.716129899e+150 2.549844152e-309
4.6 4.673163251e-310 8.716129899e+150 2.596575784e-309
4.7 4.673163251e-310 8.716129899e+150 2.643307417e-309
4.8 4.673163251e-310 8.716129899e+150 2.690039049e-309
4.9 4.673163251e-310 8.716129899e+150 2.736770682e-309
5 4.673163251e-310 8.716129899e+150 2.783502314e-309
5.1 4.673163251e-310 8.716129899e+150 2.830233947e-309
5.2 4.673163251e-310 8.716129899e+150 2.876965579e-309
5.3 4.673163251e-310 8.716129899e+150 2.923697212e-309
5.4 4.673163251e-310 8.716129899e+150 2.970428844e-309
5.5 4.673163251e-310 8.716129899e+150 3.017160477e-309
5.6 4.673163251e-310 8.716129899e+150 3.063892109e-309
5.7 4.673163251e-310 8.716129899e+150 3.110623742e-309
5.8 4.673163251e-310 8.716129899e+150 3.157355374e-309
5.9 4.673163251e-310 8.716129899e+150 3.204087007e-309
6 4.673163251e-310 8.716129899e+150 3.250818639e-309
6.1 4.673163251e-310 8.716129899e+150 3.297550272e-309
6.2 4.673163251e-310 8.716129899e+150 3.344281904e-309
6.3 4.673163251e-310 8.716129899e+150 3.391013537e-309
6.4 4.673163251e-310 8.716129899e+150 3.437745169e-309
6.5 4.673163251e-310 8.716129899e+150 3.484476802e-309
6.6 4.673163251e-310 8.716129899e+150 3.531208434e-309
6.7 4.673163251e-310 8.716129899e+150 3.577940067e-309
6.8 4.673163251e-310 8.716129899e+150 3.624671699e-309
6.9 4.673163251e-310 8.716129899e+150 3.671403332e-309
7 4.673163251e-310 8.716129899e+150 3.718134964e-309
7.1 4.673163251e-310 8.716129899e+150 3.764866597e-309
7.2 4.673163251e-310 8.716129899e+150 3.811598229e-309
7.3 4.673163251e-310 8.716129899e+150 3.858329862e-309
7.4 4.673163251e-310 8.716129899e+150 3.905061494e-309
7.5 4.673163251e-310 8.716129899e+150 3.951793127e-309
7.6 4.673163251e-310 8.716129899e+150 3.998524759e-309
7.7 4.673163251e-310 8.716129899e+150 4.045256392e-309
7.8 4.673163251e-310 8.716129899e+150 4.091988024e-309
7.9 4.673163251e-310 8.716129899e+150 4.138719657e-309
8 4.673163251e-310 8.716129899e+150 4.185451289e-309
8.1 4.673163251e-310 8.716129899e+150 4.232182922e-309
8.2 4.673163251e-310 8.716129899e+150 4.278914554e-309
8.3 4.673163251e-310 8.716129899e+150 4.325646187e-309
8.4 4.673163251e-310 8.716129899e+150 4.372377819e-309
8.5 4.673163251e-310 8.716129899e+150 4.419109452e-309
8.6 4.673163251e-310 8.716129899e+150 4.465841084e-309
8.7 4.673163251e-310 8.716129899e+150 4.512572717e-309
8.8 4.673163251e-310 8.716129899e+150 4.559304349e-309
8.9 4.673163251e-310 8.716129899e+150 4.606035982e-309
9 4.673163251e-310 8.716129899e+150 4.652767614e-309
9.1 4.673163251e-310 8.716129899e+150 4.699499247e-309
9.2 4.673163251e-310 8.716129899e+150 4.746230879e-309
9.3 4.673163251e-310 8.716129899e+150 4.792962512e-309
9.4 4.673163251e-310 8.716129899e+150 4.839694145e-309
9.5 4.673163251e-310 8.716129899e+150 4.886425777e-309
9.6 4.673163251e-310 8.716129899e+150 4.93315741e-309
9.7 4.673163251e-310 8.716129899e+150 4.979889042e-309
9.8 4.673163251e-310 8.716129899e+150 5.026620675e-309
9.9 4.673163251e-310 8.716129899e+150 5.073352307e-309
10 4.673163251e-310 8.716129899e+150 5.12008394e-309
10.1 4.673163251e-310 8.716129899e+150 5.166815572e-309
10.2 4.673163251e-310 8.716129899e+150 5.213547205e-309
10.3 4.673163251e-310 8.716129899e+150 5.260278837e-309
10.4 4.673163251e-310 8.716129899e+150 5.30701047e-309
10.5 4.673163251e-310 8.716129899e+150 5.353742102e-309
10.6 4.673163251e-310 8.716129899e+150 5.400473735e-309
10.7 4.673163251e-310 8.716129899e+150 5.447205367e-309
10.8 4.673163251e-310 8.716129899e+150 5.493937e-309
10.9 4.673163251e-310 8.716129899e+150 5.540668632e-309
11 4.673163251e-310 8.716129899e+150 5.587400265e-309
11.1 4.673163251e-310 8.716129899e+150 5.634131897e-309
11.2 4.673163251e-310 8.716129899e+150 5.68086353e-309
11.3 4.673163251e-310 8.716129899e+150 5.727595162e-309
11.4 4.673163251e-310 8.716129899e+150 5.774326795e-309
11.5 4.673163251e-310 8.716129899e+150 5.821058427e-309
11.6 4.673163251e-310 8.716129899e+150 5.86779006e-309
11.7 4.673163251e-310 8.716129899e+150 5.914521692e-309
11.8 4.673163251e-310 8.716129899e+150 5.961253325e-309
11.9 4.673163251e-310 8.716129899e+150 6.007984957e-309
12 4.673163251e-310 8.716129899e+150 6.05471659e-309
12.1 4.673163251e-310 8.716129899e+150 6.101448222e-309
12.2 4.673163251e-310 8.716129899e+150 6.148179855e-309
12.3 4.673163251e-310 8.716129899e+150 6.194911487e-309
12.4 4.673163251e-310 8.716129899e+150 6.24164312e-309
12.5 4.673163251e-310 8.716129899e+150 6.288374752e-309
12.6 4.673163251e-310 8.716129899e+150 6.335106385e-309
12.7 4.673163251e-310 8.716129899e+150 6.381838017e-309
12.8 4.673163251e-310 8.716129899e+150 6.42856965e-309
12.9 4.673163251e-310 8.716129899e+150 6.475301282e-309
13 4.673163251e-310 8.716129899e+150 6.522032915e-309
13.1 4.673163251e-310 8.716129899e+150 6.568764547e-309
13.2 4.673163251e-310 8.716129899e+150 6.61549618e-309
13.3 4.673163251e-310 8.716129899e+150 6.662227812e-309
13.4 4.673163251e-310 8.716129899e+150 6.708959445e-309
13.5 4.673163251e-310 8.716129899e+150 6.755691077e-309
13.6 4.673163251e-310 8.716129899e+150 6.80242271e-309
13.7 4.673163251e-310 8.716129899e+150 6.849154342e-309
13.8 4.673163251e-310 8.716129899e+150 6.895885975e-309
13.9 4.673163251e-310 8.716129899e+150 6.942617607e-309
14 4.673163251e-310 8.716129899e+150 6.98934924e-309
14.1 4.673163251e-310 8.716129899e+150 7.036080872e-309
14.2 4.673163251e-310 8.716129899e+150 7.082812505e-309
14.3 4.673163251e-310 8.716129899e+150 7.129544137e-309
14.4 4.673163251e-310 8.716129899e+150 7.17627577e-309
14.5 4.673163251e-310 8.716129899e+150 7.223007402e-309
14.6 4.673163251e-310 8.716129899e+150 7.269739035e-309
14.7 4.673163251e-310 8.716129899e+150 7.316470667e-309
14.8 4.673163251e-310 8.716129899e+150 7.3632023e-309
14.9 4.673163251e-310 8.716129899e+150 7.409933932e-309
15 4.673163251e-310 8.716129899e+150 7.456665565e-309
15.1 4.673163251e-310 8.716129899e+150 7.503397197e-309
15.2 4.673163251e-310 8.716129899e+150 7.55012883e-309
15.3 4.673163251e-310 8.716129899e+150 7.596860462e-309
15.4 4.673163251e-310 8.716129899e+150 7.643592095e-309
15.5 4.673163251e-310 8.716129899e+150 7.690323727e-309
15.6 4.673163251e-310 8.716129899e+150 7.73705536e-309
15.7 4.673163251e-310 8.716129899e+150 7.783786993e-309
15.8 4.673163251e-310 8.716129899e+150 7.830518625e-309
15.9 4.673163251e-310 8.716129899e+150 7.877250258e-309
16 4.673163251e-310 8.716129899e+150 7.92398189e-309
16.1 4.673163251e-310 8.716129899e+150 7.970713523e-309
16.2 4.673163251e-310 8.716129899e+150 8.017445155e-309
16.3 4.673163251e-310 8.716129899e+150 8.064176788e-309
16.4 4.673163251e-310 8.716129899e+150 8.11090842e-309
16.5 4.673163251e-310 8.716129899e+150 8.157640053e-309
16.6 4.673163251e-310 8.716129899e+150 8.204371685e-309
16.7 4.673163251e-310 8.716129899e+150 8.251103318e-309
16.8 4.673163251e-310 8.716129899e+150 8.29783495e-309
16.9 4.673163251e-310 8.716129899e+150 8.344566583e-309
17 4.673163251e-310 8.716129899e+150 8.391298215e-309
17.1 4.673163251e-310 8.716129899e+150 8.438029848e-309
17.2 4.673163251e-310 8.716129899e+150 8.48476148e-309
17.3 4.673163251e-310 8.716129899e+150 8.531493113e-309
17.4 4.673163251e-310 8.716129899e+150 8.578224745e-309
17.5 4.673163251e-310 8.716129899e+150 8.624956378e-309
17.6 4.673163251e-310 8.716129899e+150 8.67168801e-309
17.7 4.673163251e-310 8.716129899e+150 8.718419643e-309
17.8 4.673163251e-310 8.716129899e+150 8.765151275e-309
17.9 4.673163251e-310 8.716129899e+150 8.811882908e-309
18 4.673163251e-310 8.716129899e+150 8.85861454e-309
18.1 4.673163251e-310 8.716129899e+150 8.905346173e-309
18.2 4.673163251e-310 8.716129899e+150 8.952077805e-309
18.3 4.673163251e-310 8.716129899e+150 8.998809438e-309
18.4 4.673163251e-310 8.716129899e+150 9.04554107e-309
18.5 4.673163251e-310 8.716129899e+150 9.092272703e-309
18.6 4.673163251e-310 8.716129899e+150 9.139004335e-309
18.7 4.673163251e-310 8.716129899e+150 9.185735968e-309
18.8 4.673163251e-310 8.716129899e+150 9.2324676e-309
18.9 4.673163251e-310 8.716129899e+150 9.279199233e-309
19 4.673163251e-310 8.716129899e+150 9.325930865e-309
19.1 4.673163251e-310 8.716129899e+150 9.372662498e-309
19.2 4.673163251e-310 8.716129899e+150 9.41939413e-309
19.3 4.673163251e-310 8.716129899e+150 9.466125763e-309
19.4 4.673163251e-310 8.716129899e+150 9.512857395e-309
19.5 4.673163251e-310 8.716129899e+150 9.559589028e-309
19.6 4.673163251e-310 8.716129899e+150 9.60632066e-309
19.7 4.673163251e-310 8.716129899e+150 9.653052293e-309
19.8 4.673163251e-310 8.716129899e+150 9.699783925e-309
19.9 4.673163251e-310 8.716129899e+150 9.746515558e-309
20 4.673163251e-310 8.716129899e+150 9.79324719e-309
